985388
985078
986032
986634
985698
985902
987246
986210
986704
985984
986666
985036
984756
986772
984936
986938
985072
983524
985772
986032
986716
985050
986076
985460
983904
985976
986222
985912
987718
987392
987686
985594
986522
984906
985790
985600
986778
984992
987014
986144
986356
984134
987298
985076
984650
987080
985018
986968
985548
986330
984960
985742
984110
984340
986028
985902
986900
987936
984464
986254
987142
984536
988002
983756
984888
984602
985606
984632
984370
985670
985784
985232
984398
986426
985802
987568
986534
986520
986934
986384
987286
985942
984208
985096
986570
986166
987866
984506
985388
985506
986366
985892
986570
986638
986094
986306
984246
986880
986180
985466
